[dani.jpg]
filters=finetune2=1,0.719298,0.016842,0.143158,00000000,0.871345;finetune2=1,0.000000,0.000000,0.000000,00000000,0.415205;
moddate=76a478c3ff49d001
width=120
height=120
textactive=0
