[lanre.jpg]
filters=warm=1;sat=1,0.450292;finetune2=1,0.631579,0.168421,0.042105,00000000,0.192982;
moddate=0d715dcb194ed001
width=160
height=160
textactive=0
[aminat.jpg]
filters=sat=1,0.532164;
moddate=688375521c4ed001
width=213
height=207
textactive=0
[tony.jpg]
filters=unsharp2=1,1.421053;sat=1,0.161800;finetune2=1,0.397661,0.061754,0.000000,00718075,0.000000;autocolor=1;enhance=1;
moddate=e84d9987324ed001
width=163
height=176
textactive=0
