[folajimi.jpg]
filters=sat=1,0.871345;unsharp2=1,1.614035;
moddate=3947370fd85ad001
width=193
height=196
textactive=0
